000004
000007
000009
000011
000017
000020
000021
000037
000048
000066
000100
000428
000504
000505
000506
000510
000520
000521
000523
000526
000533
000536
000560
000565
000566
000576
000592
000593
000595
000601
000603
000620
000635
000636
000656
000668
000676
000692
000710
000712
000722
000735
000759
000798
000802
000811
000815
000818
000820
000823
000859
000862
000887
000889
000890
000892
000908
000912
000920
000930
000931
000936
000938
000962
000967
000977
000978
000980
000981
000993
001208
001216
001223
001229
001237
001248
001258
001260
001267
001268
001277
001309
001313
001317
001330
001331
001358
001365
001366
001388
001395
001399
001896
002015
002017
002031
002036
002038
002041
002047
002053
002059
002068
002072
002080
002081
002083
002084
002094
002104
002106
002107
002119
002131
002141
002156
002161
002167
002172
002173
002180
002185
002194
002195
002197
002199
002201
002202
002208
002212
002213
002229
002232
002248
002273
002277
002281
002285
002295
002297
002298
002300
002309
002310
002322
002329
002346
002348
002349
002353
002354
002361
002365
002377
002379
002384
002388
002396
002403
002407
002409
002412
002414
002418
002421
002425
002428
002432
002437
002445
002453
002458
002463
002470
002490
002491
002498
002536
002552
002558
002559
002560
002564
002568
002579
002580
002584
002585
002589
002628
002631
002632
002635
002636
002638
002649
002651
002655
002659
002674
002677
002679
002686
002687
002702
002703
002708
002716
002721
002724
002738
002739
002742
002743
002747
002762
002767
002775
002790
002792
002808
002820
002826
002827
002829
002836
002837
002841
002846
002855
002868
002879
002882
002886
002896
002900
002903
002907
002909
002910
002912
002929
002931
002942
002949
002951
002953
002957
002963
002969
002971
002975
002976
002979
002980
002981
002990
003001
003005
003018
003020
003026
003031
003032
003036
003040
003043
300017
300058
300065
300122
300142
300164
300189
300209
300214
300255
300285
300313
300364
300368
300394
300404
300413
300418
300456
300503
300518
300534
300540
300548
300570
300604
300607
300615
300620
300663
300684
300720
300757
300759
300765
300795
300862
300927
300996
301080
301092
301132
301171
301234
301251
301297
301390
301396
301511
301520
301526
301536
301583
600076
600088
600094
600095
600103
600105
600108
600113
600118
600121
600127
600162
600172
600176
600182
600186
600192
600206
600227
600228
600236
600246
600272
600288
600293
600313
600326
600330
600353
600354
600359
600363
600371
600378
600396
600397
600403
600410
600448
600460
600479
600487
600488
600508
600513
600540
600547
600551
600584
600601
600604
600613
600617
600629
600630
600641
600644
600654
600657
600664
600667
600673
600683
600691
600693
600698
600703
600707
600721
600722
600726
600737
600744
600746
600775
600783
600785
600792
600793
600828
600829
600830
600833
600844
600857
600865
600869
600876
600881
600892
600895
600962
600967
600969
600984
600988
600992
601003
601086
601133
601168
601208
601212
601218
601566
601579
601595
601606
601608
601700
601858
601869
601886
601949
601991
603011
603033
603039
603042
603061
603065
603078
603079
603082
603089
603090
603095
603102
603106
603115
603118
603120
603122
603127
603137
603155
603161
603162
603163
603171
603178
603186
603188
603191
603200
603207
603211
603212
603216
603221
603222
603228
603230
603248
603259
603261
603269
603270
603286
603306
603318
603330
603338
603358
603379
603389
603395
603396
603400
603407
603421
603439
603459
603466
603505
603533
603538
603556
603559
603567
603580
603618
603619
603626
603629
603650
603655
603679
603682
603690
603696
603716
603717
603721
603738
603758
603773
603797
603801
603823
603861
603887
603897
603898
603900
603928
603933
603936
603950
603956
603958
603978
603983
603986
603988
603991
603999
605028
605058
605068
605069
605077
605090
605118
605162
605167
605178
605179
605188
605189
605255
605286
605287
605288
605300
605358
605388
605398
605488
605577
605580
688004
688025
688072
688073
688137
688143
688166
688185
688192
688195
688200
688205
688313
688347
688356
688361
688432
688498
688519
688549
688578
688693
688728
920176
920193
920305
920895
